1.162087559700012207e+00 4.353360234805759427e-02 -1.047202843764729746e-01 -1.082363782446534445e-01 -1.146793228532945325e-01 -1.036611025929823349e-01 -1.091297648140079207e-01 -1.160455490664770301e-01 -1.080992075399826863e-01 -1.066566778475670635e-01 -1.132994801943229546e-01 -1.102596514909237463e-01 -1.096009559258772081e-01
4.353360234805759427e-02 1.166534543037414551e+00 -1.099568354386585151e-01 -1.128956755024554115e-01 -1.094960814609435840e-01 -1.077488623844914395e-01 -1.120012719815679514e-01 -1.132159403020761429e-01 -1.018546862325572511e-01 -1.057992699529744507e-01 -1.061754242678976667e-01 -1.082103228759029728e-01 -1.045663821428962914e-01
-1.047202843764729746e-01 -1.099568354386585151e-01 9.881513118743896484e-01 -6.378853646843861414e-02 -7.737718201402819795e-02 -7.734997053195599714e-02 -7.465280632378572256e-02 -7.578994011846822143e-02 -8.415648601839367804e-02 -8.229547541777652853e-02 -7.901397621112718483e-02 -7.763460456128667975e-02 -7.123661991515670144e-02
-1.082363782446534445e-01 -1.128956755024554115e-01 -6.378853646843861414e-02 1.008574247360229492e+00 -8.201997254273679649e-02 -7.158221216032534251e-02 -7.674274877160817965e-02 -7.904074879832724554e-02 -8.466866562941892382e-02 -8.030987219723875747e-02 -8.259229680837361365e-02 -8.017696198425355858e-02 -8.048287171012967478e-02
-1.146793228532945325e-01 -1.094960814609435840e-01 -7.737718201402819795e-02 -8.201997254273679649e-02 9.946951270103454590e-01 -7.701299561293531437e-02 -7.263684977617645977e-02 -6.618227980580036751e-02 -7.929202681737589076e-02 -8.202179770311969487e-02 -7.290568359011039001e-02 -7.585507318796792797e-02 -6.350800235949882744e-02
-1.036611025929823349e-01 -1.077488623844914395e-01 -7.734997053195599714e-02 -7.158221216032534251e-02 -7.701299561293531437e-02 9.916561841964721680e-01 -7.248681731080162949e-02 -7.891740328212865085e-02 -8.106819689825928155e-02 -7.865247135065550621e-02 -7.751247403455117924e-02 -8.191771538990649804e-02 -7.564045359549530223e-02
-1.091297648140079207e-01 -1.120012719815679514e-01 -7.465280632378572256e-02 -7.674274877160817965e-02 -7.263684977617645977e-02 -7.248681731080162949e-02 9.953654408454895020e-01 -7.063213857157146780e-02 -8.641047345324026629e-02 -8.161833021097097962e-02 -7.870541705888881023e-02 -7.855140777778234218e-02 -6.743566186545649210e-02
-1.160455490664770301e-01 -1.132159403020761429e-01 -7.578994011846822143e-02 -7.904074879832724554e-02 -6.618227980580036751e-02 -7.891740328212865085e-02 -7.063213857157146780e-02 1.006115198135375977e+00 -7.993348237775001197e-02 -8.600189444154417162e-02 -7.493207191949752266e-02 -7.565667129625823495e-02 -5.950239084234930365e-02
-1.080992075399826863e-01 -1.018546862325572511e-01 -8.415648601839367804e-02 -8.466866562941892382e-02 -7.929202681737589076e-02 -8.106819689825928155e-02 -8.641047345324026629e-02 -7.993348237775001197e-02 1.022833108901977539e+00 -7.304847429009503346e-02 -7.762473477904019425e-02 -7.743848813433797107e-02 -8.052841508167811468e-02
-1.066566778475670635e-01 -1.057992699529744507e-01 -8.229547541777652853e-02 -8.030987219723875747e-02 -8.202179770311969487e-02 -7.865247135065550621e-02 -8.161833021097097962e-02 -8.600189444154417162e-02 -7.304847429009503346e-02 1.018742322921752930e+00 -7.810964938422834680e-02 -8.137537513736338435e-02 -7.977775498379043040e-02
-1.132994801943229546e-01 -1.061754242678976667e-01 -7.901397621112718483e-02 -8.259229680837361365e-02 -7.290568359011039001e-02 -7.751247403455117924e-02 -7.870541705888881023e-02 -7.493207191949752266e-02 -7.762473477904019425e-02 -7.810964938422834680e-02 9.985084533691406250e-01 -7.265119414516810203e-02 -7.370842231124009880e-02
-1.102596514909237463e-01 -1.082103228759029728e-01 -7.763460456128667975e-02 -8.017696198425355858e-02 -7.585507318796792797e-02 -8.191771538990649804e-02 -7.855140777778234218e-02 -7.565667129625823495e-02 -7.743848813433797107e-02 -8.137537513736338435e-02 -7.265119414516810203e-02 1.000749945640563965e+00 -7.072301657198526437e-02
-1.096009559258772081e-01 -1.045663821428962914e-01 -7.123661991515670144e-02 -8.048287171012967478e-02 -6.350800235949882744e-02 -7.564045359549530223e-02 -6.743566186545649210e-02 -5.950239084234930365e-02 -8.052841508167811468e-02 -7.977775498379043040e-02 -7.370842231124009880e-02 -7.072301657198526437e-02 9.581913352012634277e-01
